$ANSIBLE_VAULT;1.1;AES256
39626464306536343834643236323831623733333837396365643336366262386262303434656561
6636336630663838386530396138343963646330636164380a396236376363376533663264393536
39346465383066653034626463303737623537653235363333666336306266386663383035343930
3565336536613030610a316336633635653535363537313533666539656336303532636435303062
61366534303031336662646165396438333733303963616234363330353738333636386361303534
36393535383235316235656263363933633337353237383131666665373462666633636431623037
62646264376536373630353730316262323932373438313839346232643638356531303932613963
32363337653866383737363638633364643563626539643764306334363133366164346133646361
32613064623235383863626564643862636664623036633233373838346364626362646661316435
36396166646335663662393835663732353636326634663035633837353762363762663132323334
36376432323137356263396362633539303336613936633765653862326231356338366536356132
62363633396332313935613831613736343033333265393239666565343733303337623933396337
62346631373932633834666239326337663838363363363338323638393838616231353438393135
32653532616164366664346166653461376461376438613163333838663932383465373463363432
37326666356431393964336163393535316165303666343135363331386564373435333165383134
36346564623838666435373735373139376233646533373163316438363639373663346366326466
35306533663637366631383064336534623933363032633761326461656530643061623736356439
38323661303366656361303034333435396336316363353331626138653930653263643962313865
31346132643763653134373135643566323135663536346135366631353431633162616166636630
35363864336666653039393165633362373063353136663833623335316630656233386130633632
62323436616638353335643436336539343034613162306563333430383366633432616232613035
31656365346136663638663730643665353532623962313361316462613265353439666462623833
36646162396635393036663832386161323334636239303663373231346364643463636166626332
37343933363631383866393062383933383233653963633130356262333266356435626638396165
31333333626364323064396635363233316535646531393763626536333931653835313066313035
32326336613333326362343632356563383534303632373730616638366433306230303835323965
66363537313131356666373865383666616639646162346638343366613538366235656538663765
35313138336630363763613966326466666265343162373766616532383837313137636535306237
66313061343434303533313733383735626162373466373436363164613437396632366461303565
32633934633231633366623937626633623435333438363337343466623030653236303935313530
30343066353461303763323239363330343935646165333361663835353933366439346263333161
64646363613234643036663335623166306361353036396531303764323766306638323664666434
35383734663537616137383463373235343236396466633831356339376263623066306234323239
62656234393361333033383639366438373237666163353432396361613861636363643862333062
36326336386361626162326135353464666536643538343632663335373635336332653836333465
37363363643739656634333530643431323763316136306562343838646264383636623132636434
30663233333031623333326337396564326362633531383161613736363831366262306466353465
65623161626432313364373963653263333862316266353237333934653336363636636234356633
35373564623862353432636266386166626632656234656366363533396662383837636666613336
33653164333766326432393538386636346164663236353331636336313464323964343264663464
30303238303233623663373933333266386236333034653165353264343930316137353930663236
63396636626336396464613031656536383665353732343536383138386130653238333630386633
33323564646664653462356466336566343831386363373965313466303662326463613431323233
30666138326532343433386636373937663865646563623038306635623333353931663734616339
31346163626265316236343435336563313462643161666165323766626439613063613935343864
36323633383538333839383461383366636239393136356466393031353932313230303462326238
31383062613933396262613738386539636565613232343136626136383430663665646365616261
38323966363031356332313433323536363033663366643661316264383834383231623939343839
31643463646531646234353338333264393731633039333866623664396638623537653636613961
66666165363732663032616666353236313364666263323336393735336634666463633934663364
31653563653466393535653564336165643334633166343462653330616565653564353231633435
34626465363662653166663230363335303733303231636439643238613536336263616563333665
65343932343665333232346130663566633166656236313464326131366265343534306664363066
61613234376539363834313763636364653037336335326635343338313532386161313539333638
63383437613137656137336330656261653434386330363034373233313735653930393163613266
65366266613263616235353334383466316638393433616163383138623764616431343337343234
31326237626462623536633032346561633838646431353963323131616563353965633133373430
32383664663932306333323534386132396130636333316333663839633766396339663961346266
34613339376232636365653838333336336434323534656364616537326565653463323736666263
33316363363661396636376136383061326539313230616461376362373264333432316363306665
38313165343166393837396632383663306633653330643337323836633936306131653463306537
33316161666666383530316333666535653633653037336337663539373332626431376534313633
65303661323537386236336363356432323238326536343334333462643735313761633938633237
31613862313862396537336462393237613064303864356339623436643535666139313830383866
38393539313561336232363933643163646364636331383062663261653839336430663837653035
35313833653963393763396566343030336561643666636461633562636131636130616162313737
33346237336161366464346661383561643236373538366166343863306465663035663164323666
63613265363166313261643733306330333532663235396133613632376436303330633164393464
62376432303233336537396539376436666461353561343463316636323430353864386562336639
62626531313564366439636233633630333566633031633036613330333336303833313361623261
62653834623434366664303266396433326564366161633832613331643261326134363965316334
30656561383831396330643830613732623838653337303563323333323565396532366265376165
62303964623439376361316262383931643035393762346239356630656531396131623838663639
38303234356336636131373934616135336338363765643732643866373030633131613962656537
33646663633331386361393838646461306135363833366562346532313130666638666432313461
38343461666236363232323332623539326534653364333566626235653166386165306665366166
34366163666435396233376563393939633231363437636334323739333466626433343636306633
34396365343662366563326238626263313637653933356632363761313835656333643835393361
33333332626235373134323634356437306536666137396531353936353931383962623032393533
61386565613861663534393434323830333337623132396362323566623936353733633033663835
62626166656532363161393862313036383230346361366136633065323831333432613861373532
64663339613163393830323163303835356136353036356465653466386662636538363038373963
64303066613361353631343731663564373063656263376535303265366265353339303961373231
62666464316534393836373865613839626331323237333532373238356565666130386432613565
34626337353235633466306431656263343566336339623664653833666430323838373438393466
66643463386561383138333433343565646266306232656338323163366533663065643563623562
396538346437653265353136646233323331
