$ANSIBLE_VAULT;1.1;AES256
39656439396235613839633165336539376363393963383433666662643738306664346630363832
3463623334383531303632613538656163323062616436640a613165666232383333633463373339
39383133386231353136333165633830333762366433316335616132393537653535613963633636
6336386635313831650a393338313836623663346430306236333031613235363738653535383264
37326334396131643035636561623162333361376532303962366638666666626566386634623763
30646438313634613138616261363136376334323939663264393562656436336134383738343963
36313230383061336236366337323937613462633561666561393139303462653762393162633962
35636364643635333661336562616638613631303134333462313766656531356133646531613939
37356238396336343962303130343663313231323437383436663434333763313530353037646664
64363937346535653733636534346639376330353363356639666533346339366430303063353763
66633831613934353638646339333635616636623135316438613235363634373831643861643434
61633130653566636530613833646361333237666163323036396336396336623563636137373134
62373632613638356231303464383935353539336463653862646136383861323839623334326135
37333261323565653463663033316561383836623532383630643235656335303536646136363331
38393965313566356462336437393264393332343135393065353334306433363331336461383439
36616634386161313239306335366463303362643165616136353730373733353265663465613566
36366337346362663530313538326530373339363732383334613837353965626135616134396532
61366239383939616261323632616663653430313261653362346131303437383365303638333836
62623962383366306132373735616663323862613562313863383166313536613666313230313731
32333339326232393737613436393564393231356634363235643662643238343866383765313365
63303132663864633262613631383937623661653639346663383561383231383062663761326636
30383330353666313664353664626437363134333436383332343034663633373731303035376364
37623835643031623861373537383138663230623362346565303033393362326230636131323636
39616339653665653330666365623936613238333162336162373735633035633762633632353133
64326636656331663464323532653136313937356636663230343763613030323835653130303632
35333930633436316139626437346262326230646532373631613561646262366261613031353464
31616166636365343839383437663865323138333139633537303666313862373966383464373334
30303262396336346533376233653239323566376433366439313038396333393837363339313461
35613261616133653034323335623364666261353836353662373935353535333236373832363538
31346436623562396530386333343838336235346438636337323366613031396165613432643433
30633438626364366234393431666237373830343366616165666536393233303632353030303563
38363166313330396663653230373864393332633061623530386464363032313464663462653533
35323733373962643839306231313034326564353130303662333464393461663239633361666337
32353465646638346535313165653336613539326437383765643834636231666464656662623639
66653432346436623866393238386639653935653161666635626533333166383963383038333131
63373962383938386438383866383730366533663934323966656238383838636138333534366466
61333664396234373964383565363037653265346337623032626234316263333037633762326336
39333537663566383462373564303034366466393132323436636635633833623432643066383166
30323431393437636134666134313432393630616639393237396162326132383635323161383063
39333762643230363463336137663433663232653439333036313038663830323165323033616434
31633364343832373037306166376630636165386466373932633532303836333662383033306531
65346333623139363538333463613066626132376563663462396666313264643662616531376139
65396137376266366366353839306664376433653264633166616162663565356330326138316333
32636265373063343864613834616262386233383035376563396634343837656635393361656164
65623037333135386366616533353131623938373263373861346139396335356266393637646239
61336464323765623332353634333864316430336665346534623761633130303764353738613931
63346365633833343337646637616662323934613131653735313837643536626636323938636165
66316561623436396566386239393332353839663037303662623463636436633230383431633735
39356661393234656235623737336533303430656566666261633534396230663164383738383330
35613537663431316339663532626134376665623731323734323461336331373263363434663962
39396232633139303861376237656161396362353336663036666364393661316661353661373238
61393634393263343532373437313666633735626664636565626138646335613432626335643064
62373930363364326539333364333233393463323961393932376336363861353937643031393965
64316237663136633033313638386134346630626239303138386630363737666365366139323137
38643439613232653533313737643565636133366330303836613230396464653336373833393330
35643133303234623933313861623331626664643038393937633333386365363664643739343736
64633461616332336235316533313535396164633165656336323835393938643062393932313038
61666237333938663535373330313331666634366437396636356466653863653930623361363765
63653732336661373765336538333537663763623838346135303534366561353236346665643333
30616536653234633336306337623531316134623630333232373363383638623736336266313033
33616230343530336332356165383938306263386136343335373235653761333662626264363462
30333434663866353563393431376265323761376665323664383861663862393431393933633332
65643530393237343933346332336530663666646262373365303964356336343737346233393136
65666532303436353631663464306238373530386561646233373933643836393231393838353664
65613138366130656339653336626363373334313234626136393435383134393164386661623330
31353236643966343233346534323833396234383734323466363531636537653065303839383930
36346335626265613930623936323835363435666636373763633239626663343666383137376439
63373236303865653030303631376330346665383661306636306235613961316339666535333661
30343336353561323238396537306230613564396538613034623231353261373363366265386433
63663234613534373339363030653334393538323230643864653737643834303234396236326262
32666633616630646662653535373561363262313361353930383764636362643433653936343433
65336137393964663061626439653033356265633937333663646131363538303837376333363033
33326234633063653539343563313432363433663637316139303565323962376536313433653163
39303232363665363737646466356164643035613639313435366539313330643764616331663532
37613661363930656261396364613035313830363836623235636638663333393536613163393131
35323032653663653330343937313361383235636234653863326464306537353365303664376232
64336531623432383930643733623337303931663633383533353531653665343132633336316538
63353965313038343366623165653836383335386532346265396332306538323566376161663530
61613037623861613637336138656637356462353533643761616132613066383634383633363134
63396661616261663438383633323136666661326135626666626265363662393339353836303063
66663135326534646337626236623530613632656363313239393165363633373936633432366464
65646434316661626464343337643731346334636434643063323630666361386432616636643130
30366336363431393933636335663866343433623832313633303836636339366434666663323865
62373336376139383331623835383663633134663537613234356136373431643761613233316534
61306465353866356464643438323530396236336131346439383032366439653839343239323561
35643136663731613164353037353064346639303165323437343837313231636565633736353335
63393338306564393136636336383065366334326433636432666464363531303036366332653635
37326439666634386336643462373161356337626634663964653030386461303035353335333062
37353261666531653462613839623430623335343435333431353735393431306362333665353439
63666535353138343433666234393865353164363739333364396462333836396632623766363130
32353465353036306335613465343261376431636337303531336139323763333430356361396565
33623438663130623163323262343235663763383637393337653837656364333235646461343130
65383362333265353562366137323033343864373737313936376632396534643436363739376232
34643066313837333734396466376632646665313439656230663834316232613535623138616664
30386336373166323364636238656331663833663935376561663464336563663232396632646363
65323239303831653434623337393735383231613434376136376663383030656164393535623162
62313365613335643464393964616534316264366336366665636166376534373936613530393566
32626364633635373535313031373262343032313664326235623165363339333030343633323232
36646337663530336438663762663564316238613339356436666663383731356138313664646131
65343439663230643534306135666433363232323831353530346337353431613734373035323832
32343337336165306161636336646633613332666537306637313939343161356131383637653538
33363966646131343438666537383736346532626132333466616235646138653236393835353838
39373231303563303863623666656634356561353139333238633835346264323036643137633639
37626132616231653530323636333063616334383538356330336464303830376131323261323137
64656364653061323030663765346432666338326165393633386661623034373530633631383966
34326339346535343130383464333438306233383335616134633034323530663238313133646235
35343639306561313431363235316565663366396464363665643463343262306131313934623734
32303432376363626635333764373130636633343037646563643761623439343639393663626265
64306266613864366662653262633734313266393931333061366434393338386237303563323064
33393734633866313664313562653566616135333932383431306131313230323731393434656261
33656636316534666639653863343036313434333862616632636461663431663634623862366439
63383330353666323537636132636531323261353738333635613239343963643039656433613437
33333065613039316230336665663030363731303738336262303336656638376533623330336230
33333133313537393734313865333662343065313066303436666639313033393132373632333237
66383862666461396363343935386137653666373038343864633637323035363836623539653032
33616339643635306137663031316535666664373762653331613863616632636663663938306261
33626332316133336637396661646364623930633834653061353139303261376632373637393131
34383038313662313232323163656438613864636633353738316334346339653935356535656636
31303965626638633261306662666233346331356630333935643632373261393236393062313366
38376566663638666562623432333730326366623864313236373932333136313762633437373065
63393531653638323635663633353738373533663437343832386330366630356630323132336434
3766646432616635656335653939346137373136643164633339
